"","ID","Description","GeneRatio","BgRatio","pvalue","p.adjust","qvalue","geneID","Count"
"R-HSA-388396","R-HSA-388396","GPCR downstream signaling","145/1472","338/7620",2.0540709982516e-24,2.24393777666936e-21,1.9223691882065e-21,"ABR/ADCY4/ADCY6/ADCY7/ADCY8/ADCY9/ADORA1/ADRA1D/ADRA2A/ADRB1/ADRB2/AGT/AGTR1/AGTR2/AKAP13/AKT3/APLN/APLNR/ARHGEF10/ARHGEF15/ARHGEF17/ARHGEF2/ARHGEF3/ARHGEF38/ARHGEF6/ARRB1/ARRB2/C3/C3AR1/C5/C5AR1/CALCRL/CCL21/CCL5/CCR1/CCR2/CCR4/CCR5/CNR1/CSF2RA/CSF2RB/CXCL12/CXCL16/CXCL2/CXCL3/CXCL5/CXCR1/CXCR2/CXCR3/CXCR4/CXCR6/CYSLTR1/CYSLTR2/DAGLA/EDN1/EDN3/EDNRA/EDNRB/F2RL3/FFAR2/FGD2/FGD3/FGD4/FPR1/FPR2/FPR3/GAB2/GNA14/GNAI2/GNAQ/GNG11/GNG2/GNG7/GPR132/GPR4/GPR65/GRK5/IL2RB/IL2RG/IL3RA/ITPR1/ITPR2/JAK2/MGLL/P2RY10/P2RY13/P2RY14/PDE1A/PDE1B/PDE2A/PDE3A/PDE3B/PDE4A/PDE4B/PDE4C/LOC729966/PDE4D/PDE7B/PDE8B/PENK/PIK3CG/PIK3R1/PIK3R5/PLCB2/PREX1/PRKCA/PRKCB/PRKCD/PRKCE/PRKCQ/PTAFR/PTGER2/PTGER3/PTGER4/PTGFR/PTGIR/PTH1R/RAC2/RAMP2/RAMP3/RASGRP2/REEP1/REEP5/RGS11/RGS16/RGS18/RGS2/RGS3/RGS9/RHOA/RHOB/RXFP1/S1PR1/S1PR2/S1PR4/SCTR/SSTR1/SUCNR1/TAC1/TACR1/TBXA2R/TRPC6/VAV1/VIPR1/XCR1",145
"R-HSA-198933","R-HSA-198933","Immunoregulatory interactions between a Lymphoid and a non-Lymphoid cell","61/1472","89/7620",3.6163380768241e-24,2.24393777666936e-21,1.9223691882065e-21,"C3/CD1C/CD1D/CD22/CD226/CD247/CD300A/CD300C/CD300E/CD300LF/CD300LG/CD33/CD34/CD3D/CD3E/CD3G/CD81/CD8A/CD96/FCGR1A/FCGR2B/FCGR3A/HCST/HLA-B/HLA-C/HLA-E/HLA-F/HLA-G/ICAM1/ICAM2/ICAM3/ICAM5/ITGA4/ITGAL/ITGB2/KLRB1/KLRD1/LAIR1/LILRA2/LILRA5/LILRA6/LILRB1/LILRB2/LILRB3/LOC102725035/LOC107987425/LOC107987462/LILRB5/OSCAR/SELL/SFTPD/SH2D1A/SIGLEC1/SIGLEC12/SIGLEC7/SIGLEC8/SIGLEC9/SLAMF6/TREM1/TREM2/TYROBP",61
"R-HSA-109582","R-HSA-109582","Hemostasis","177/1472","495/7620",4.326227647749e-19,1.7896161702855e-16,1.53315435937772e-16,"A2M/ADRA2A/AKT3/ANGPT1/ANXA5/APBB1IP/APLP2/ARRB1/ARRB2/ATP1B2/ATP2A3/CABLES1/CAV1/CD2/CD244/CD36/CD47/CD48/CD63/CD74/CD84/CD99L2/CEACAM6/CFD/CLEC3B/CLU/CSF2RA/CSF2RB/CTSW/DAGLA/DOCK10/DOCK11/DOCK2/DOCK4/DOCK8/DOCK9/DOK2/EHD1/EHD2/ESAM/F10/F13A1/F2RL3/F8/FCER1G/FERMT3/FGA/FGG/FGR/FN1/FYN/GAB2/GAS6/GATA2/GATA6/GNA14/GNAI2/GNAQ/GNG11/GNG2/GNG7/GUCY1A2/GUCY1A3/GYPC/HBB/HGF/IGF1/IL2RB/IL2RG/IL3RA/INPP5D/IRF1/ITGA1/ITGA10/ITGA3/ITGA4/ITGAL/ITGAM/ITGAX/ITGB2/ITGB3/ITPR1/ITPR2/JAK2/JAM2/JAM3/JMJD1C/KCNMB1/KCNMB4/KIF13B/KIF19/KIF1C/KIF21B/KIF26A/LCP2/LHFPL2/MAFF/MAPK3/MGLL/MMRN1/MRVI1/NOS1/NOS3/OLR1/ORM1/P2RX1/P2RX7/PDE1A/PDE1B/PDE2A/PDE3A/PDE3B/PDE5A/PDGFB/PHACTR2/PIK3CG/PIK3R1/PIK3R5/PLCG2/PLEK/PRKAR2B/PRKCA/PRKCB/PRKCD/PRKCE/PRKCQ/PRKCZ/PRKG1/PRKG2/PROS1/PTGIR/LOC105369247/QSOX1/RAC2/RAP1A/RAPGEF3/RAPGEF4/RARRES2/RASGRP2/RHOA/RHOB/SCG3/SDC2/SDC4/SELE/SELL/SELP/SELPLG/SERPINA1/SERPINB6/SERPIND1/SERPINF2/SERPING1/SH2B3/SIRPA/SLC7A7/SLC8A1/SPN/SRGN/TBXA2R/TEK/TFPI/TGFB2/THBD/THBS1/TIMP3/TLN1/TNFRSF10D/TREM1/TRPC6/TSPAN7/TTN/TUBA1A/VAV1/VEGFC/VWF/ZFPM2",177
"R-HSA-373076","R-HSA-373076","Class A/1 (Rhodopsin-like receptors)","71/1472","145/7620",4.35718946764842e-16,1.35181803233792e-13,1.15809509534866e-13,"ADORA1/ADRA1D/ADRA2A/ADRB1/ADRB2/AGT/AGTR1/AGTR2/APLN/APLNR/C3/C3AR1/C5/C5AR1/CCL13/CCL21/CCL5/CCR1/CCR2/CCR4/CCR5/CCRL2/CNR1/CX3CL1/CX3CR1/CXCL12/CXCL16/CXCL2/CXCL3/CXCL5/CXCR1/CXCR2/CXCR3/CXCR4/CXCR6/CYSLTR1/CYSLTR2/EDN1/EDN3/EDNRA/EDNRB/F2RL3/FFAR2/FPR1/FPR2/FPR3/GPR132/GPR183/GPR39/GPR4/GPR65/P2RY10/P2RY13/P2RY14/PENK/PTAFR/PTGER2/PTGER3/PTGER4/PTGFR/PTGIR/RXFP1/S1PR1/S1PR2/S1PR4/SSTR1/SUCNR1/TAC1/TACR1/TBXA2R/XCR1",71
"R-HSA-166658","R-HSA-166658","Complement cascade","27/1472","32/7620",3.16586636491402e-15,7.85768031771659e-13,6.73163163908033e-13,"C1QA/C1QB/C1QC/C2/C3/C3AR1/C4A/C4BPA/C5/C5AR1/C6/C7/C8B/CD55/CD59/CFD/CFH/CFI/CFP/CLU/CR1/FCN1/FCN3/GZMM/MASP1/PROS1/VTN",27
"R-HSA-500792","R-HSA-500792","GPCR ligand binding","86/1472","205/7620",3.69876669361176e-14,7.65028244462033e-12,6.55395501850505e-12,"ADORA1/ADRA1D/ADRA2A/ADRB1/ADRB2/AGT/AGTR1/AGTR2/APLN/APLNR/C3/C3AR1/C5/C5AR1/CALCRL/CCL13/CCL21/CCL5/CCR1/CCR2/CCR4/CCR5/CCRL2/CD55/CNR1/CX3CL1/CX3CR1/CXCL12/CXCL16/CXCL2/CXCL3/CXCL5/CXCR1/CXCR2/CXCR3/CXCR4/CXCR6/CYSLTR1/CYSLTR2/EDN1/EDN3/EDNRA/EDNRB/F2RL3/FFAR2/FPR1/FPR2/FPR3/FZD4/FZD5/GNG11/GNG2/GNG7/GPR132/GPR183/GPR39/GPR4/GPR65/P2RY10/P2RY13/P2RY14/PENK/PTAFR/PTGER2/PTGER3/PTGER4/PTGFR/PTGIR/PTH1R/RAMP2/RAMP3/RXFP1/S1PR1/S1PR2/S1PR4/SCTR/SHH/SSTR1/SUCNR1/TAC1/TACR1/TBXA2R/WNT2/WNT3A/WNT7A/XCR1",86
"R-HSA-6798695","R-HSA-6798695","Neutrophil degranulation","144/1472","422/7620",1.01574643905266e-13,1.80077332980622e-11,1.54271263675667e-11,"AGPAT2/ALDH3B1/ALOX5/ANO6/ANPEP/ARHGAP9/ASAH1/ATP11A/ATP8A1/BST1/BST2/C3/C3AR1/C5AR1/CAT/CD14/CD300A/CD33/CD36/CD47/CD53/CD55/CD59/CD63/CD68/CD93/CEACAM6/CFD/CFP/CHIT1/CLEC12A/COTL1/CR1/CRISP3/CRISPLD2/CST3/CTSD/CTSH/CTSS/CTSZ/CXCR1/CXCR2/CYBA/CYBB/DOCK2/DOK3/ENPP4/FCER1G/FCGR2A/FCGR2C/FCGR3B/FCN1/FGL2/FGR/FPR1/FPR2/FUCA1/GCA/GMFG/GRN/HBB/HK3/HLA-B/HLA-C/HP/HVCN1/IQGAP2/ITGAL/ITGAM/ITGAX/ITGB2/KCNAB2/LAIR1/LGALS3/LILRB2/LILRB3/LOC102725035/LOC107987425/LOC107987462/LPCAT1/LRG1/LTA4H/LYZ/METTL7A/MGAM/MME/MMP25/MNDA/MVP/NCKAP1L/NFAM1/NFASC/NPC2/OLR1/ORM1/OSCAR/P2RX1/PGM1/PIGR/PLAC8/PLEKHO2/PRKCD/PTAFR/PTPRB/PTPRC/PTPRJ/PTPRN2/PTX3/QSOX1/RAB27A/RAB31/RAB37/RAP1A/RETN/RHOA/RHOF/S100A12/SDCBP/SELL/SERPINA1/SERPINB1/SERPINB6/SIGLEC14/SIGLEC9/SIRPA/SIRPB1/SLC11A1/SLC2A3/SLC44A2/SLCO4C1/SLPI/SPTAN1/STK10/STOM/SVIP/TBC1D10C/TCIRG1/TIMP2/TLR2/TMEM173/TNFRSF1B/TYROBP/UNC13D/VAT1",144
"R-HSA-76002","R-HSA-76002","Platelet activation, signaling and aggregation","88/1472","227/7620",3.96038100197965e-12,6.14354102932093e-10,5.26313791052559e-10,"A2M/ADRA2A/AKT3/ANXA5/APBB1IP/APLP2/ARRB1/ARRB2/CD36/CD63/CFD/CLEC3B/CLU/CSF2RA/CSF2RB/CTSW/DAGLA/F13A1/F2RL3/F8/FCER1G/FERMT3/FGA/FGG/FN1/FYN/GAB2/GAS6/GNA14/GNAI2/GNAQ/GNG11/GNG2/GNG7/HGF/IGF1/IL2RB/IL2RG/IL3RA/ITGB3/ITPR1/ITPR2/JAK2/LCP2/LHFPL2/MAPK3/MGLL/MMRN1/ORM1/PDGFB/PHACTR2/PIK3CG/PIK3R1/PIK3R5/PLCG2/PLEK/PRKCA/PRKCB/PRKCD/PRKCE/PRKCQ/PRKCZ/PROS1/QSOX1/RAC2/RAP1A/RAPGEF3/RAPGEF4/RARRES2/RASGRP2/RHOA/RHOB/SCG3/SELP/SERPINA1/SERPINF2/SERPING1/SRGN/TBXA2R/TGFB2/THBS1/TIMP3/TLN1/TRPC6/TTN/VAV1/VEGFC/VWF",88
"R-HSA-202427","R-HSA-202427","Phosphorylation of CD3 and TCR zeta chains","18/1472","20/7620",1.64329276657419e-11,2.03932632331857e-09,1.7470796781473e-09,"CD247/CD3D/CD3E/CD3G/CD4/HLA-DPA1/HLA-DPB1/HLA-DQA1/HLA-DQA2/HLA-DQB1/HLA-DQB2/HLA-DRA/HLA-DRB1/HLA-DRB5/PAG1/PTPN22/PTPRC/PTPRJ",18
"R-HSA-977606","R-HSA-977606","Regulation of Complement cascade","18/1472","20/7620",1.64329276657419e-11,2.03932632331857e-09,1.7470796781473e-09,"C2/C3/C3AR1/C4A/C4BPA/C5/C5AR1/C6/C7/C8B/CD55/CD59/CFH/CFI/CFP/CR1/PROS1/VTN",18
"R-HSA-202430","R-HSA-202430","Translocation of ZAP-70 to Immunological synapse","16/1472","17/7620",4.90579051167721e-11,5.53462365908311e-09,4.74148173855884e-09,"CD247/CD3D/CD3E/CD3G/CD4/HLA-DPA1/HLA-DPB1/HLA-DQA1/HLA-DQA2/HLA-DQB1/HLA-DQB2/HLA-DRA/HLA-DRB1/HLA-DRB5/PTPN22/ZAP70",16
"R-HSA-375276","R-HSA-375276","Peptide ligand-binding receptors","43/1472","88/7620",3.21575542765291e-10,3.32562707143105e-08,2.8490464753767e-08,"AGT/AGTR1/AGTR2/APLN/APLNR/C3/C3AR1/C5/C5AR1/CCL13/CCL21/CCL5/CCR1/CCR2/CCR4/CCR5/CCRL2/CX3CL1/CX3CR1/CXCL12/CXCL16/CXCL2/CXCL3/CXCL5/CXCR1/CXCR2/CXCR3/CXCR4/CXCR6/EDN1/EDN3/EDNRA/EDNRB/F2RL3/FPR1/FPR2/FPR3/PENK/RXFP1/SSTR1/TAC1/TACR1/XCR1",43
"R-HSA-418594","R-HSA-418594","G alpha (i) signalling events","52/1472","118/7620",5.48830778811395e-10,5.23922305003801e-08,4.48841365667619e-08,"ADCY4/ADCY6/ADCY7/ADCY8/ADCY9/ADORA1/ADRA2A/AGT/AGTR2/APLN/APLNR/C3/C3AR1/C5/C5AR1/CCL21/CCL5/CCR1/CCR2/CCR4/CCR5/CNR1/CXCL12/CXCL16/CXCL2/CXCL3/CXCL5/CXCR1/CXCR2/CXCR3/CXCR4/CXCR6/FPR1/FPR2/FPR3/GNAI2/GNG11/GNG2/GNG7/P2RY13/P2RY14/PENK/PTGER3/RGS11/RGS16/RGS18/RGS9/S1PR1/S1PR2/S1PR4/SSTR1/SUCNR1",52
"R-HSA-202433","R-HSA-202433","Generation of second messenger molecules","20/1472","28/7620",2.94704527809947e-09,2.61234513580103e-07,2.2379817525417e-07,"CD101/CD247/CD3D/CD3E/CD3G/CD4/GRAP2/HLA-DPA1/HLA-DPB1/HLA-DQA1/HLA-DQA2/HLA-DQB1/HLA-DQB2/HLA-DRA/HLA-DRB1/HLA-DRB5/ITK/LCP2/WAS/ZAP70",20
"R-HSA-1474244","R-HSA-1474244","Extracellular matrix organization","85/1472","246/7620",7.62891674817806e-09,6.31165712299265e-07,5.40716204607708e-07,"A2M/ADAMTS1/ADAMTS8/ADAMTS9/BMP2/BMP4/CAPN13/CAPN2/CAPN6/CAPN8/CAPN9/CD151/CD47/CEACAM6/COL13A1/COL14A1/COL21A1/COL4A3/COL4A4/COL6A6/COL8A1/CTSD/CTSS/DCN/DDR2/DMD/EFEMP1/EFEMP2/ELN/EMILIN2/FBLN1/FBLN5/FBN3/FGA/FGF2/FGG/FMOD/FN1/ICAM1/ICAM2/ICAM3/ICAM5/ITGA1/ITGA10/ITGA3/ITGA4/ITGA7/ITGA8/ITGA9/ITGAL/ITGAM/ITGAX/ITGB2/ITGB3/ITGB6/LOC100505984/JAM2/JAM3/KDR/LAMA2/LAMA4/LAMB2/LAMC3/LTBP2/LTBP4/MATN3/MFAP4/MMP19/MMP24/MMP25/NCAM1/NTN4/PCOLCE2/PDGFB/PRKCA/SDC2/SDC4/TGFB2/THBS1/TIMP2/TLL1/TNXB/TPSAB1/VTN/VWF",85
"R-HSA-380108","R-HSA-380108","Chemokine receptors bind chemokines","21/1472","32/7620",1.2766625711396e-08,9.90211406740149e-07,8.48308682138811e-07,"CCL13/CCL21/CCL5/CCR1/CCR2/CCR4/CCR5/CCRL2/CX3CL1/CX3CR1/CXCL12/CXCL16/CXCL2/CXCL3/CXCL5/CXCR1/CXCR2/CXCR3/CXCR4/CXCR6/XCR1",21
"R-HSA-418555","R-HSA-418555","G alpha (s) signalling events","36/1472","75/7620",1.63426187331676e-08,1.19301116752123e-06,1.02204612510831e-06,"ADCY4/ADCY6/ADCY7/ADCY8/ADCY9/ADRB1/ADRB2/ARRB1/ARRB2/CALCRL/GNAI2/GNG11/GNG2/GNG7/GRK5/PDE1A/PDE1B/PDE2A/PDE3A/PDE3B/PDE4A/PDE4B/PDE4C/LOC729966/PDE4D/PDE7B/PDE8B/PTGER2/PTGER4/PTGIR/PTH1R/RAMP2/RAMP3/RXFP1/SCTR/VIPR1",36
"R-HSA-389948","R-HSA-389948","PD-1 signaling","16/1472","21/7620",2.65602120801253e-08,1.83117906619086e-06,1.56876106438167e-06,"CD247/CD274/CD3D/CD3E/CD3G/CD4/HLA-DPA1/HLA-DPB1/HLA-DQA1/HLA-DQA2/HLA-DQB1/HLA-DQB2/HLA-DRA/HLA-DRB1/HLA-DRB5/PDCD1LG2",16
"R-HSA-202733","R-HSA-202733","Cell surface interactions at the vascular wall","46/1472","109/7620",2.83955945330912e-08,1.85468067450349e-06,1.58889476334749e-06,"ANGPT1/ATP1B2/CAV1/CD2/CD244/CD47/CD48/CD74/CD84/CD99L2/CEACAM6/DOK2/ESAM/FCER1G/FN1/FYN/GAS6/GYPC/INPP5D/ITGA3/ITGA4/ITGAL/ITGAM/ITGAX/ITGB2/ITGB3/JAM2/JAM3/OLR1/PIK3R1/PROS1/LOC105369247/SDC2/SDC4/SELE/SELL/SELP/SELPLG/SIRPA/SLC7A7/SPN/TEK/THBD/TNFRSF10D/TREM1/TSPAN7",46
"R-HSA-449147","R-HSA-449147","Signaling by Interleukins","129/1472","432/7620",3.8848101886113e-08,2.41052472203331e-06,2.06508331078811e-06,"ALOX15/ALOX5/ANGPT1/APBB1IP/ARRB1/ARRB2/BTC/CASP1/CCL2/CCL3/CCL4/CCL5/CCR1/CCR2/CCR5/CD36/CD4/CD86/CEBPD/CNKSR2/CNTFR/CSF1/CSF1R/CSF2RA/CSF2RB/CSF3/CSF3R/CXCL2/DUSP1/DUSP6/DUSP8/ERBB4/EREG/F13A1/FGA/FGF2/FGF7/FGFR4/FGG/FN1/FOS/FPR1/FYN/GAB2/GFRA1/HAVCR2/HBEGF/HCK/HGF/HMOX1/ICAM1/IL10RA/IL11RA/IL12RB1/IL15RA/IL16/IL17RE/IL18BP/IL18R1/IL1B/IL1R1/IL1RL1/IL2RB/IL2RG/IL32/IL33/IL34/IL3RA/IL4R/IL6/IL6R/IL6ST/IL7/IL7R/INPP5D/IRAK3/ITGAM/ITGAX/ITGB2/ITGB3/JAK2/JUNB/KIT/KL/KLB/LGALS9/LIFR/MAOA/MAP3K3/MAP3K8/MAPK3/MCL1/MUC1/MYD88/NCAM1/NDN/NOD1/PDGFB/PDGFRA/PDGFRB/PIK3R1/PTAFR/PTGS2/RAP1A/RAPGEF2/RASA3/RASAL3/RASGRF1/RASGRP3/RASGRP4/RHOU/RORC/S1PR1/SHC2/SHC3/SOCS3/SPRED1/SPTAN1/SPTBN1/STAT5A/TEC/TEK/TLN1/TNF/TNFRSF1B/VAV1/VIM/VWF/ZEB1",129
"R-HSA-392154","R-HSA-392154","Nitric oxide stimulates guanylate cyclase","16/1472","22/7620",7.98960699141029e-08,4.7214772744477e-06,4.04486368988691e-06,"GUCY1A2/GUCY1A3/ITPR1/KCNMB1/KCNMB4/MRVI1/NOS1/NOS3/PDE1A/PDE1B/PDE2A/PDE3A/PDE3B/PDE5A/PRKG1/PRKG2",16
"R-HSA-76005","R-HSA-76005","Response to elevated platelet cytosolic Ca2+","43/1472","108/7620",5.70677065276933e-07,3.21913744549397e-05,2.75781739679283e-05,"A2M/ANXA5/APLP2/CD36/CD63/CFD/CLEC3B/CLU/CTSW/F13A1/F8/FERMT3/FGA/FGG/FN1/GAS6/HGF/IGF1/ITGB3/LHFPL2/MMRN1/ORM1/PDGFB/PHACTR2/PLEK/PRKCA/PRKCB/PROS1/QSOX1/RARRES2/SCG3/SELP/SERPINA1/SERPINF2/SERPING1/SRGN/TGFB2/THBS1/TIMP3/TLN1/TTN/VEGFC/VWF",43
"R-HSA-5683826","R-HSA-5683826","Surfactant metabolism","15/1472","22/7620",7.86529509855114e-07,4.24383965969651e-05,3.63567416454767e-05,"ABCA3/ADRA2A/CSF2RA/CSF2RB/CTSH/DMBT1/GATA6/LMCD1/NAPSA/SFTPA1/SFTPA2/SFTPB/SFTPC/SFTPD/SLC34A2",15
"R-HSA-397014","R-HSA-397014","Muscle contraction","52/1472","142/7620",8.72510169936737e-07,4.51160467038121e-05,3.86506698086011e-05,"ABCC9/ACTA2/ACTG2/ANXA6/ATP1A2/ATP1B2/ATP2A3/CACNA1C/CACNA1D/CACNA2D2/CACNB4/CACNG4/CLIC2/CORIN/DES/DMD/DYSF/FGF14/FXYD6/HIPK1/ITGA1/ITPR1/ITPR2/KAT2B/KCND3/KCNJ12/KCNK3/KCNK5/KCNQ1/LMOD1/MYH11/MYL9/MYLK/NOS1/NPR1/PLN/RYR2/SCN1A/SCN3B/SCN4B/SCN7A/SLC8A1/SORBS1/SORBS3/TBX5/TLN1/TMOD1/TMOD2/TNNC1/TNNI2/TTN/VIM",52
"R-HSA-114608","R-HSA-114608","Platelet degranulation ","41/1472","104/7620",1.41422214651024e-06,7.02019873527682e-05,6.01416575989617e-05,"A2M/ANXA5/APLP2/CD36/CD63/CFD/CLEC3B/CLU/CTSW/F13A1/F8/FERMT3/FGA/FGG/FN1/GAS6/HGF/IGF1/ITGB3/LHFPL2/MMRN1/ORM1/PDGFB/PHACTR2/PLEK/PROS1/QSOX1/RARRES2/SCG3/SELP/SERPINA1/SERPINF2/SERPING1/SRGN/TGFB2/THBS1/TIMP3/TLN1/TTN/VEGFC/VWF",41
"R-HSA-6783783","R-HSA-6783783","Interleukin-10 signaling","21/1472","39/7620",1.52183656555729e-06,7.26384299175616e-05,6.22289445835169e-05,"CCL2/CCL3/CCL4/CCL5/CCR1/CCR2/CCR5/CD86/CSF1/CSF3/CXCL2/FPR1/ICAM1/IL10RA/IL1B/IL1R1/IL6/PTAFR/PTGS2/TNF/TNFRSF1B",21
"R-HSA-166663","R-HSA-166663","Initial triggering of complement","12/1472","16/7620",2.17625846000198e-06,9.64548838879451e-05,8.26323700978197e-05,"C1QA/C1QB/C1QC/C2/C3/C4A/CFD/CFP/FCN1/FCN3/GZMM/MASP1",12
"R-HSA-418457","R-HSA-418457","cGMP effects","12/1472","16/7620",2.17625846000198e-06,9.64548838879451e-05,8.26323700978197e-05,"ITPR1/KCNMB1/KCNMB4/MRVI1/PDE1A/PDE1B/PDE2A/PDE3A/PDE3B/PDE5A/PRKG1/PRKG2",12
"R-HSA-216083","R-HSA-216083","Integrin cell surface interactions","33/1472","79/7620",3.38128022616629e-06,0.000144695474505944,0.000123959819543664,"CD47/COL13A1/COL4A3/COL4A4/COL6A6/COL8A1/FGA/FGG/FN1/ICAM1/ICAM2/ICAM3/ICAM5/ITGA1/ITGA10/ITGA3/ITGA4/ITGA7/ITGA8/ITGA9/ITGAL/ITGAM/ITGAX/ITGB2/ITGB3/ITGB6/LOC100505984/JAM2/JAM3/KDR/THBS1/VTN/VWF",33
"R-HSA-881907","R-HSA-881907","Gastrin-CREB signalling pathway via PKC and MAPK","96/1472","329/7620",6.87865247618613e-06,0.000276719063853484,0.000237063704560854,"ADRA1D/AGT/AGTR1/ANGPT1/APBB1IP/ARRB1/ARRB2/BTC/CNKSR2/CSF2RA/CSF2RB/CYSLTR1/CYSLTR2/DAGLA/DUSP1/DUSP6/DUSP8/EDN1/EDN3/EDNRA/EDNRB/ERBB4/EREG/F2RL3/FFAR2/FGA/FGF2/FGF7/FGFR4/FGG/FN1/FPR2/FYN/GFRA1/GNA14/GNAQ/GNG11/GNG2/GNG7/GPR132/GPR4/GPR65/GRK5/HBEGF/HGF/IL2RB/IL2RG/IL3RA/ITGB3/ITPR1/ITPR2/JAK2/KIT/KL/KLB/MAPK3/MGLL/NCAM1/P2RY10/PDGFB/PDGFRA/PDGFRB/PIK3R1/PLCB2/PRKCA/PRKCD/PRKCE/PRKCQ/PTAFR/PTGFR/RAP1A/RAPGEF2/RASA3/RASAL3/RASGRF1/RASGRP2/RASGRP3/RASGRP4/RGS18/RGS2/RGS3/RPS6KA1/RPS6KA2/SHC2/SHC3/SPRED1/SPTAN1/SPTBN1/TAC1/TACR1/TBXA2R/TEK/TLN1/TRPC6/VWF/XCR1",96
"R-HSA-194840","R-HSA-194840","Rho GTPase cycle","47/1472","132/7620",7.06561628980795e-06,0.000276719063853484,0.000237063704560854,"A2M/ABR/AKAP13/ARAP2/ARAP3/ARHGAP15/ARHGAP18/ARHGAP20/ARHGAP24/ARHGAP25/ARHGAP29/ARHGAP30/ARHGAP31/ARHGAP6/ARHGAP9/ARHGDIB/ARHGEF10/ARHGEF15/ARHGEF17/ARHGEF2/ARHGEF3/ARHGEF38/ARHGEF6/CHN2/LOC101928168/DLC1/FAM13B/FGD2/FGD3/FGD4/MYO9A/PREX1/RAC2/RHOA/RHOB/RHOBTB1/RHOBTB2/RHOF/RHOH/RHOJ/RHOU/STARD13/STARD8/SYDE1/SYDE2/TAGAP/VAV1",47
"R-HSA-2129379","R-HSA-2129379","Molecules associated with elastic fibres","19/1472","36/7620",7.13538279074254e-06,0.000276719063853484,0.000237063704560854,"BMP2/BMP4/EFEMP1/EFEMP2/ELN/EMILIN2/FBLN1/FBLN5/FBN3/FN1/ITGA8/ITGB3/ITGB6/LOC100505984/LTBP2/LTBP4/MFAP4/TGFB2/VTN",19
"R-HSA-416476","R-HSA-416476","G alpha (q) signalling events","42/1472","114/7620",8.15590525834219e-06,0.000306711467442505,0.000262758032246431,"ADRA1D/AGT/AGTR1/CYSLTR1/CYSLTR2/DAGLA/EDN1/EDN3/EDNRA/EDNRB/F2RL3/FFAR2/FPR2/GNA14/GNAQ/GNG11/GNG2/GNG7/GPR132/GPR4/GPR65/GRK5/ITPR1/ITPR2/MGLL/P2RY10/PIK3R1/PLCB2/PRKCD/PRKCE/PRKCQ/PTAFR/PTGFR/RASGRP2/RGS18/RGS2/RGS3/TAC1/TACR1/TBXA2R/TRPC6/XCR1",42
"R-HSA-5688849","R-HSA-5688849","Defective CSF2RB causes pulmonary surfactant metabolism dysfunction 5 (SMDP5)","7/1472","7/7620",9.92343818281221e-06,0.000344972139246404,0.000295535739971049,"CSF2RA/CSF2RB/SFTPA1/SFTPA2/SFTPB/SFTPC/SFTPD",7
"R-HSA-5688890","R-HSA-5688890","Defective CSF2RA causes pulmonary surfactant metabolism dysfunction 4 (SMDP4)","7/1472","7/7620",9.92343818281221e-06,0.000344972139246404,0.000295535739971049,"CSF2RA/CSF2RB/SFTPA1/SFTPA2/SFTPB/SFTPC/SFTPD",7
"R-HSA-6785807","R-HSA-6785807","Interleukin-4 and 13 signaling","36/1472","93/7620",1.00072498089207e-05,0.000344972139246404,0.000295535739971049,"ALOX15/ALOX5/CCL2/CD36/CEBPD/F13A1/FGF2/FN1/FOS/HGF/HMOX1/ICAM1/IL1B/IL2RG/IL4R/IL6/IL6R/ITGAM/ITGAX/ITGB2/JAK2/JUNB/MAOA/MCL1/MUC1/NDN/PIK3R1/PTGS2/RHOU/RORC/S1PR1/SOCS3/TNF/TNFRSF1B/VIM/ZEB1",36
"R-HSA-2142753","R-HSA-2142753","Arachidonic acid metabolism","22/1472","46/7620",1.10040276282117e-05,0.000362620651846552,0.000310655123936569,"ALOX15/ALOX15B/ALOX5/ALOX5AP/CYP1B1/CYP2U1/CYP4B1/DPEP2/DPEP3/FAAH/GGT1/GGT2/LOC102724197/HPGD/HPGDS/LTA4H/PON3/PTGDS/PTGIS/PTGS1/PTGS2/TBXAS1",22
"R-HSA-2022377","R-HSA-2022377","Metabolism of Angiotensinogen to Angiotensins","10/1472","13/7620",1.13638821140552e-05,0.000362620651846552,0.000310655123936569,"ACE/AGT/ANPEP/CPA3/CPB2/CTSD/CTSZ/ENPEP/GZMH/MME",10
"R-HSA-3781865","R-HSA-3781865","Diseases of glycosylation","29/1472","69/7620",1.13958141998514e-05,0.000362620651846552,0.000310655123936569,"ADAMTS1/ADAMTS10/ADAMTS15/ADAMTS8/ADAMTS9/ADAMTSL2/ADAMTSL3/ADAMTSL4/CFP/CSPG4/DCN/FMOD/GPC3/MUC1/MUC15/MUC21/MUC5B/NOTCH4/OGN/OMD/PRELP/SDC2/SDC4/SEMA5A/SPON1/THBS1/THSD1/THSD4/THSD7A",29
"R-HSA-877300","R-HSA-877300","Interferon gamma signaling","32/1472","82/7620",2.54269629082495e-05,0.00078887152422844,0.000675821908877157,"CIITA/FCGR1A/GBP1/GBP3/GBP4/HLA-B/HLA-C/HLA-DPA1/HLA-DPB1/HLA-DQA1/HLA-DQA2/HLA-DQB1/HLA-DQB2/HLA-DRA/HLA-DRB1/HLA-DRB5/HLA-E/HLA-F/HLA-G/ICAM1/IRF1/IRF8/JAK2/MT2A/NCAM1/OASL/PRKCD/PTAFR/SOCS3/SP100/TRIM22/TRIM8",32
"R-HSA-2172127","R-HSA-2172127","DAP12 interactions","89/1472","313/7620",4.39563292646227e-05,0.0013304830394487,0.00113981752393502,"ADCY4/ADCY6/ADCY7/ADCY8/ADCY9/AKT3/ANGPT1/APBB1IP/ARRB1/ARRB2/BTC/BTK/CD300E/CD86/CNKSR2/CSF2RA/CSF2RB/DUSP1/DUSP6/DUSP8/ERBB4/EREG/FGA/FGF2/FGF7/FGFR4/FGG/FN1/FOXO4/FYN/GAB1/GFRA1/GRAP2/HBEGF/HGF/HLA-B/HLA-C/HLA-E/ICOS/IL2RB/IL2RG/IL3RA/ITGB3/ITPR1/ITPR2/JAK2/KIT/KL/KLB/KLRD1/LCP2/MAPK3/NCAM1/NR4A1/PDE1A/PDE1B/PDE1C/PDGFB/PDGFRA/PDGFRB/PIK3AP1/PIK3R1/PIP5K1B/PLCG2/PRKAR2B/PRKCA/PRKCD/PRKCE/RAP1A/RAPGEF2/RASA3/RASAL3/RASGRF1/RASGRP3/RASGRP4/SHC2/SHC3/SIGLEC14/SIRPB1/SPRED1/SPTAN1/SPTBN1/TEK/TLN1/TREM1/TREM2/TYROBP/VAV1/VWF",89
"R-HSA-391908","R-HSA-391908","Prostanoid ligand receptors","6/1472","6/7620",5.15396032223275e-05,0.00152287256187877,0.00130463657279576,"PTGER2/PTGER3/PTGER4/PTGFR/PTGIR/TBXA2R",6
"R-HSA-2029481","R-HSA-2029481","FCGR activation","9/1472","13/7620",0.000123147806118233,0.00355410296262155,0.00304478051846793,"CD247/CD3G/FCGR1A/FCGR2A/FCGR2C/FCGR3A/FGR/FYN/HCK",9
"R-HSA-388841","R-HSA-388841","Costimulation by the CD28 family","25/1472","63/7620",0.000139646113428371,0.00393865515374111,0.00337422427183385,"AKT3/CD247/CD274/CD3D/CD3E/CD3G/CD4/CD86/FYN/GRAP2/HLA-DPA1/HLA-DPB1/HLA-DQA1/HLA-DQA2/HLA-DQB1/HLA-DQB2/HLA-DRA/HLA-DRB1/HLA-DRB5/ICOS/MAP3K8/PDCD1LG2/PIK3R1/TNFRSF14/VAV1",25
"R-HSA-2029485","R-HSA-2029485","Role of phospholipids in phagocytosis","13/1472","24/7620",0.000146095731188203,0.00402899560899022,0.00345161844444643,"CD247/CD3G/FCGR1A/FCGR2A/FCGR2C/FCGR3A/ITPR1/ITPR2/PIK3R1/PLCG2/PLD4/PRKCD/PRKCE",13
"R-HSA-1566948","R-HSA-1566948","Elastic fibre formation","19/1472","43/7620",0.000166201933489605,0.00448383911870869,0.00384128038500002,"BMP2/BMP4/EFEMP1/EFEMP2/ELN/EMILIN2/FBLN1/FBLN5/FBN3/FN1/ITGA8/ITGB3/ITGB6/LOC100505984/LTBP2/LTBP4/MFAP4/TGFB2/VTN",19
"R-HSA-391903","R-HSA-391903","Eicosanoid ligand-binding receptors","8/1472","11/7620",0.000179815066458307,0.00474788292499488,0.0040674852659102,"CYSLTR1/CYSLTR2/PTGER2/PTGER3/PTGER4/PTGFR/PTGIR/TBXA2R",8
"R-HSA-2219530","R-HSA-2219530","Constitutive Signaling by Aberrant PI3K in Cancer","21/1472","50/7620",0.00018425184952866,0.00476367802635557,0.00408101684263041,"BTC/CD86/ERBB4/EREG/FGF2/FGF7/FGFR4/FYN/GAB1/HBEGF/HGF/ICOS/KIT/KL/KLB/PDGFB/PDGFRA/PDGFRB/PIK3AP1/PIK3R1/VAV1",21
"R-HSA-114604","R-HSA-114604","GPVI-mediated activation cascade","20/1472","47/7620",0.00021096370056431,0.00523611904800618,0.00448575447515691,"AKT3/CSF2RA/CSF2RB/FCER1G/FYN/GAB2/IL2RB/IL2RG/IL3RA/JAK2/LCP2/PIK3CG/PIK3R1/PIK3R5/PLCG2/PRKCZ/RAC2/RHOA/RHOB/VAV1",20
"R-HSA-3906995","R-HSA-3906995","Diseases associated with O-glycosylation of proteins","20/1472","47/7620",0.00021096370056431,0.00523611904800618,0.00448575447515691,"ADAMTS1/ADAMTS10/ADAMTS15/ADAMTS8/ADAMTS9/ADAMTSL2/ADAMTSL3/ADAMTSL4/CFP/MUC1/MUC15/MUC21/MUC5B/NOTCH4/SEMA5A/SPON1/THBS1/THSD1/THSD4/THSD7A",20
"R-HSA-416700","R-HSA-416700","Other semaphorin interactions","11/1472","19/7620",0.000219757686517343,0.00534743703858867,0.00458111998725524,"ITGA1/PLXNA2/PLXNA4/PLXNC1/PLXND1/PTPRC/SEMA3E/SEMA5A/SEMA6A/TREM2/TYROBP",11
"R-HSA-140877","R-HSA-140877","Formation of Fibrin Clot (Clotting Cascade)","12/1472","22/7620",0.000242592689230193,0.00578872931418403,0.00495917265984636,"A2M/F10/F13A1/F8/FGA/FGG/PROS1/SERPIND1/SERPING1/TFPI/THBD/VWF",12
"R-HSA-5687613","R-HSA-5687613","Diseases associated with surfactant metabolism","7/1472","9/7620",0.000247222122201252,0.00578872931418403,0.00495917265984636,"CSF2RA/CSF2RB/SFTPA1/SFTPA2/SFTPB/SFTPC/SFTPD",7
"R-HSA-1247673","R-HSA-1247673","Erythrocytes take up oxygen and release carbon dioxide","5/1472","5/7620",0.00026753515919429,0.00592877022428775,0.00507914493959085,"AQP1/CA2/CA4/HBA2/HBB",5
"R-HSA-166665","R-HSA-166665","Terminal pathway of complement","5/1472","5/7620",0.00026753515919429,0.00592877022428775,0.00507914493959085,"C5/C6/C7/C8B/CLU",5
"R-HSA-5683678","R-HSA-5683678","Defective ABCA3 causes pulmonary surfactant metabolism dysfunction type 3 (SMDP3)","5/1472","5/7620",0.00026753515919429,0.00592877022428775,0.00507914493959085,"SFTPA1/SFTPA2/SFTPB/SFTPC/SFTPD",5
"R-HSA-5173105","R-HSA-5173105","O-linked glycosylation","30/1472","84/7620",0.000293997362732559,0.00640088995001941,0.00548360731966546,"ADAMTS1/ADAMTS10/ADAMTS15/ADAMTS8/ADAMTS9/ADAMTSL2/ADAMTSL3/ADAMTSL4/B3GNT7/B3GNT8/CFP/GALNT10/GALNT12/GALNT13/GALNT5/GCNT4/MUC1/MUC15/MUC21/MUC5B/SEMA5A/SPON1/ST3GAL2/ST6GAL1/ST6GALNAC3/ST6GALNAC4/THBS1/THSD1/THSD4/THSD7A",30
"R-HSA-418346","R-HSA-418346","Platelet homeostasis","27/1472","73/7620",0.000304401277261985,0.00651313767382972,0.00557976932912169,"ATP2A3/FGR/GNG11/GNG2/GNG7/GUCY1A2/GUCY1A3/ITPR1/ITPR2/KCNMB1/KCNMB4/MRVI1/NOS1/NOS3/P2RX1/P2RX7/PDE1A/PDE1B/PDE2A/PDE3A/PDE3B/PDE5A/PRKG1/PRKG2/PTGIR/SLC8A1/TRPC6",27
"R-HSA-5083635","R-HSA-5083635","Defective B3GALTL causes Peters-plus syndrome (PpS)","15/1472","32/7620",0.000368197843447206,0.00774463599522005,0.00663478718789792,"ADAMTS1/ADAMTS10/ADAMTS15/ADAMTS8/ADAMTS9/ADAMTSL2/ADAMTSL3/ADAMTSL4/CFP/SEMA5A/SPON1/THBS1/THSD1/THSD4/THSD7A",15
"R-HSA-2424491","R-HSA-2424491","DAP12 signaling","83/1472","306/7620",0.00043554952499698,0.00897658868180397,0.00769019429884389,"ADCY4/ADCY6/ADCY7/ADCY8/ADCY9/AKT3/ANGPT1/APBB1IP/ARRB1/ARRB2/BTC/BTK/CD86/CNKSR2/CSF2RA/CSF2RB/DUSP1/DUSP6/DUSP8/ERBB4/EREG/FGA/FGF2/FGF7/FGFR4/FGG/FN1/FOXO4/FYN/GAB1/GFRA1/GRAP2/HBEGF/HGF/HLA-E/ICOS/IL2RB/IL2RG/IL3RA/ITGB3/ITPR1/ITPR2/JAK2/KIT/KL/KLB/KLRD1/LCP2/MAPK3/NCAM1/NR4A1/PDE1A/PDE1B/PDE1C/PDGFB/PDGFRA/PDGFRB/PIK3AP1/PIK3R1/PIP5K1B/PLCG2/PRKAR2B/PRKCA/PRKCD/PRKCE/RAP1A/RAPGEF2/RASA3/RASAL3/RASGRF1/RASGRP3/RASGRP4/SHC2/SHC3/SPRED1/SPTAN1/SPTBN1/TEK/TLN1/TREM2/TYROBP/VAV1/VWF",83
"R-HSA-422475","R-HSA-422475","Axon guidance","123/1472","485/7620",0.00044123441546337,0.00897658868180397,0.00769019429884389,"ABLIM3/AGAP2/ANGPT1/ANK2/ANK3/APBB1IP/APH1B/ARRB1/ARRB2/BTC/CACNA1C/CACNA1D/CACNA1H/CACNB4/CNKSR2/CNTN6/COL4A3/COL4A4/COL6A6/CSF2RA/CSF2RB/DCC/DNM3/DOK1/DOK2/DOK4/DOK6/DPYSL2/DUSP1/DUSP6/DUSP8/EPHA3/ERBB4/EREG/FES/FGA/FGF2/FGF7/FGFR4/FGG/FN1/FYN/GAB1/GAB2/GFRA1/HBEGF/HGF/IL2RB/IL2RG/IL3RA/ITGA1/ITGA10/ITGA9/ITGB3/JAK2/KCNQ3/KDR/KIT/KL/KLB/MAPK3/MSN/MYH10/MYH11/MYL9/NCAM1/NFASC/NRP1/NRP2/NTN4/PDGFB/PDGFRA/PDGFRB/PIK3R1/PLXNA2/PLXNA4/PLXNC1/PLXND1/PRKCA/PRKCQ/PTPRC/RAC2/RAP1A/RAP1GAP/RAPGEF2/RASA3/RASAL3/RASGRF1/RASGRP3/RASGRP4/RDX/RHOA/RHOB/RND1/ROBO2/RPS6KA1/RPS6KA2/RRAS/SCN1A/SCN3B/SCN4B/SCN7A/SDC2/SDCBP/SEMA3E/SEMA5A/SEMA6A/SHC2/SHC3/SLIT2/SLIT3/SPRED1/SPTAN1/SPTBN1/ST8SIA4/TEK/TLN1/TREM2/TRPC6/TUBA1A/TYROBP/UNC5C/VWF",123
"R-HSA-2173782","R-HSA-2173782","Binding and Uptake of Ligands by Scavenger Receptors","15/1472","33/7620",0.000555684928573933,0.0109461110533373,0.00937747331428023,"APOE/CD163/CD36/COLEC12/HBA2/HBB/HP/LRP1/MARCO/MASP1/MSR1/SCARA5/SCARF1/SCGB3A2/STAB1",15
"R-HSA-5173214","R-HSA-5173214","O-glycosylation of TSR domain-containing proteins","15/1472","33/7620",0.000555684928573933,0.0109461110533373,0.00937747331428023,"ADAMTS1/ADAMTS10/ADAMTS15/ADAMTS8/ADAMTS9/ADAMTSL2/ADAMTSL3/ADAMTSL4/CFP/SEMA5A/SPON1/THBS1/THSD1/THSD4/THSD7A",15
"R-HSA-373755","R-HSA-373755","Semaphorin interactions","24/1472","65/7620",0.000665781256490087,0.0126381623404138,0.0108270443732287,"DPYSL2/FES/FYN/ITGA1/MYH10/MYH11/MYL9/NRP1/PLXNA2/PLXNA4/PLXNC1/PLXND1/PTPRC/RAC2/RHOA/RHOB/RND1/RRAS/SEMA3E/SEMA5A/SEMA6A/TLN1/TREM2/TYROBP",24
"R-HSA-2142691","R-HSA-2142691","Synthesis of Leukotrienes (LT) and Eoxins (EX)","10/1472","18/7620",0.000672134338813305,0.0126381623404138,0.0108270443732287,"ALOX15/ALOX5/ALOX5AP/CYP4B1/DPEP2/DPEP3/GGT1/GGT2/LOC102724197/LTA4H",10
"R-HSA-5621480","R-HSA-5621480","Dectin-2 family","10/1472","18/7620",0.000672134338813305,0.0126381623404138,0.0108270443732287,"CLEC10A/CLEC4A/CLEC4E/FCER1G/FYN/MUC1/MUC15/MUC21/MUC5B/PLCG2",10
"R-HSA-194138","R-HSA-194138","Signaling by VEGF","80/1472","298/7620",0.000770369321677064,0.0142690795253916,0.0122242421821498,"AKT3/ANGPT1/APBB1IP/ARRB1/ARRB2/AXL/BTC/CAV1/CDH5/CNKSR2/CSF2RA/CSF2RB/CYBA/CYBB/CYFIP2/DUSP1/DUSP6/DUSP8/ELMO1/ERBB4/EREG/FGA/FGF2/FGF7/FGFR4/FGG/FLT1/FLT4/FN1/FYN/GFRA1/HBEGF/HGF/IL2RB/IL2RG/IL3RA/ITGB3/ITPR1/ITPR2/JAK2/KDR/KIT/KL/KLB/MAPK3/NCAM1/NCF1/NCF2/NCF4/NCKAP1L/NOS3/NRP1/NRP2/PDGFB/PDGFRA/PDGFRB/PIK3R1/PRKCA/PRKCB/PRKCD/PRKCZ/RAP1A/RAPGEF2/RASA3/RASAL3/RASGRF1/RASGRP3/RASGRP4/RHOA/SHC2/SHC3/SPRED1/SPTAN1/SPTBN1/TEK/TLN1/VAV1/VEGFC/VWF/WASF3",80
"R-HSA-1489509","R-HSA-1489509","DAG and IP3 signaling","14/1472","31/7620",0.000917060498517278,0.0164937982414484,0.014130146506521,"ADCY4/ADCY6/ADCY7/ADCY8/ADCY9/ITPR1/ITPR2/PDE1A/PDE1B/PDE1C/PRKAR2B/PRKCA/PRKCD/PRKCE",14
"R-HSA-2871809","R-HSA-2871809","FCERI mediated Ca+2 mobilization","14/1472","31/7620",0.000917060498517278,0.0164937982414484,0.014130146506521,"BTK/FCER1A/FCER1G/GRAP2/ITK/ITPR1/ITPR2/LCP2/MS4A2/NFATC1/NFATC2/PLCG2/TEC/VAV1",14
"R-HSA-1236973","R-HSA-1236973","Cross-presentation of particulate exogenous antigens (phagosomes)","6/1472","8/7620",0.00100688560126921,0.017354792099654,0.0148677552234196,"CD36/CYBA/CYBB/NCF1/NCF2/NCF4",6
"R-HSA-1236977","R-HSA-1236977","Endosomal/Vacuolar pathway","6/1472","8/7620",0.00100688560126921,0.017354792099654,0.0148677552234196,"CTSS/HLA-B/HLA-C/HLA-E/HLA-F/HLA-G",6
"R-HSA-166786","R-HSA-166786","Creation of C4 and C2 activators","6/1472","8/7620",0.00100688560126921,0.017354792099654,0.0148677552234196,"C1QA/C1QB/C1QC/FCN1/FCN3/MASP1",6
"R-HSA-5686938","R-HSA-5686938","Regulation of TLR by endogenous ligand","9/1472","16/7620",0.00112194428947808,0.0189978106024834,0.0162753201649843,"CD14/CD36/FGA/FGG/SFTPA1/SFTPA2/SFTPD/TLR2/TLR4",9
"R-HSA-5576891","R-HSA-5576891","Cardiac conduction","32/1472","98/7620",0.00113282674019643,0.0189978106024834,0.0162753201649843,"ABCC9/ATP1A2/ATP1B2/ATP2A3/CACNA1C/CACNA1D/CACNA2D2/CACNB4/CACNG4/CLIC2/CORIN/FGF14/FXYD6/HIPK1/ITPR1/ITPR2/KAT2B/KCND3/KCNJ12/KCNK3/KCNK5/KCNQ1/NOS1/NPR1/PLN/RYR2/SCN1A/SCN3B/SCN4B/SCN7A/SLC8A1/TBX5",32
"R-HSA-167021","R-HSA-167021","PLC-gamma1 signalling","14/1472","32/7620",0.00134395367468289,0.0217177085372227,0.0186054418105898,"ADCY4/ADCY6/ADCY7/ADCY8/ADCY9/ITPR1/ITPR2/PDE1A/PDE1B/PDE1C/PRKAR2B/PRKCA/PRKCD/PRKCE",14
"R-HSA-174577","R-HSA-174577","Activation of C3 and C5","5/1472","6/7620",0.00134751293905411,0.0217177085372227,0.0186054418105898,"C2/C3/C4A/C5/CFP",5
"R-HSA-432047","R-HSA-432047","Passive transport by Aquaporins","5/1472","6/7620",0.00134751293905411,0.0217177085372227,0.0186054418105898,"AQP1/AQP3/AQP4/AQP5/AQP9",5
"R-HSA-194306","R-HSA-194306","Neurophilin interactions with VEGF and VEGFR","4/1472","4/7620",0.00138797532181452,0.0220830432611772,0.0189184220652182,"FLT1/KDR/NRP1/NRP2",4
"R-HSA-422356","R-HSA-422356","Regulation of insulin secretion","23/1472","65/7620",0.00166735681578122,0.0261922760554999,0.0224387792663429,"ADCY6/ADCY8/ADRA2A/AKAP5/CACNA1C/CACNA1D/CACNA2D2/GNA14/GNAI2/GNAQ/GNG11/GNG2/GNG7/ITPR1/ITPR2/PLCB2/PRKAR2B/PRKCA/RAP1A/RAPGEF3/RAPGEF4/STXBP1/VAMP2",23
"R-HSA-140875","R-HSA-140875","Common Pathway of Fibrin Clot Formation","8/1472","14/7620",0.00187679213799264,0.0280614342560104,0.0240400768468302,"F10/F13A1/F8/FGA/FGG/PROS1/SERPIND1/THBD",8
"R-HSA-354194","R-HSA-354194","GRB2:SOS provides linkage to MAPK signaling for Integrins ","8/1472","14/7620",0.00187679213799264,0.0280614342560104,0.0240400768468302,"APBB1IP/FGA/FGG/FN1/ITGB3/RAP1A/TLN1/VWF",8
"R-HSA-372708","R-HSA-372708","p130Cas linkage to MAPK signaling for integrins","8/1472","14/7620",0.00187679213799264,0.0280614342560104,0.0240400768468302,"APBB1IP/FGA/FGG/FN1/ITGB3/RAP1A/TLN1/VWF",8
"R-HSA-399955","R-HSA-399955","SEMA3A-Plexin repulsion signaling by inhibiting Integrin adhesion","8/1472","14/7620",0.00187679213799264,0.0280614342560104,0.0240400768468302,"FES/FYN/NRP1/PLXNA2/PLXNA4/RND1/RRAS/TLN1",8
"R-HSA-212718","R-HSA-212718","EGFR interacts with phospholipase C-gamma","14/1472","33/7620",0.00192478327707895,0.0284363815101783,0.0243612921033802,"ADCY4/ADCY6/ADCY7/ADCY8/ADCY9/ITPR1/ITPR2/PDE1A/PDE1B/PDE1C/PRKAR2B/PRKCA/PRKCD/PRKCE",14
"R-HSA-383280","R-HSA-383280","Nuclear Receptor transcription pathway","16/1472","41/7620",0.00266014401430203,0.0388381026088097,0.0332723895287313,"AR/ESR1/NR2F1/NR3C1/NR3C2/NR4A1/NR4A2/NR4A3/NR5A2/PGR/PPARG/RARA/RORB/RORC/THRA/THRB",16
"R-HSA-445717","R-HSA-445717","Aquaporin-mediated transport","15/1472","38/7620",0.00314598779914521,0.045397335566735,0.0388916484349653,"ADCY4/ADCY6/ADCY7/ADCY8/ADCY9/AQP1/AQP3/AQP4/AQP5/AQP9/GNG11/GNG2/GNG7/PRKAR2B/RAB11FIP2",15
"R-HSA-111885","R-HSA-111885","Opioid Signalling","24/1472","72/7620",0.00333001449084687,0.0475005515303559,0.0406934620176084,"ADCY4/ADCY6/ADCY7/ADCY8/ADCY9/GNAI2/GNG11/GNG2/GNG7/ITPR1/ITPR2/PDE1A/PDE1B/PDE1C/PDE4A/PDE4B/PDE4C/LOC729966/PDE4D/PLCB2/PPP1R1B/PRKAR2B/PRKCA/PRKCD",24
"R-HSA-909733","R-HSA-909733","Interferon alpha/beta signaling","19/1472","53/7620",0.003465623147867,0.0488731628011698,0.0418693705663357,"BST2/EGR1/HLA-B/HLA-C/HLA-E/HLA-F/HLA-G/IFIT1/IFIT2/IFIT3/IFITM2/IFITM3/IRF1/IRF8/OASL/RSAD2/SAMHD1/SOCS3/XAF1",19
"R-HSA-397795","R-HSA-397795","G-protein beta:gamma signalling","16/1472","42/7620",0.00354007538995739,0.0493621748195182,0.0422883044808629,"AKT3/CSF2RA/CSF2RB/GAB2/GNG11/GNG2/GNG7/IL2RB/IL2RG/IL3RA/JAK2/PIK3CG/PIK3R1/PIK3R5/PLCB2/RHOA",16
"R-HSA-4420097","R-HSA-4420097","VEGFA-VEGFR2 Pathway","75/1472","291/7620",0.00360927382719653,0.0497678757727877,0.0426358662627894,"AKT3/ANGPT1/APBB1IP/ARRB1/ARRB2/AXL/BTC/CAV1/CDH5/CNKSR2/CSF2RA/CSF2RB/CYBA/CYBB/CYFIP2/DUSP1/DUSP6/DUSP8/ELMO1/ERBB4/EREG/FGA/FGF2/FGF7/FGFR4/FGG/FN1/FYN/GFRA1/HBEGF/HGF/IL2RB/IL2RG/IL3RA/ITGB3/ITPR1/ITPR2/JAK2/KDR/KIT/KL/KLB/MAPK3/NCAM1/NCF1/NCF2/NCF4/NCKAP1L/NOS3/PDGFB/PDGFRA/PDGFRB/PIK3R1/PRKCA/PRKCB/PRKCD/PRKCZ/RAP1A/RAPGEF2/RASA3/RASAL3/RASGRF1/RASGRP3/RASGRP4/RHOA/SHC2/SHC3/SPRED1/SPTAN1/SPTBN1/TEK/TLN1/VAV1/VWF/WASF3",75
